10,17
10,71
10,81
10,103
10,241
10,175
10,233
10,311
11,21
11,5
11,7
11,13
8,14
8,17
8,6
52,4
52,3
52,2
52,1
52,0
51,4
51,3
51,2
51,1
51,0
50,4
50,3
50,2
50,1
50,0
48,5
48,4
48,3
48,2
48,1
48,0
45,5
45,4
45,3
45,2
45,1
45,0
43,5
43,4
43,3
43,2
43,1
43,0
39,4
39,3
39,1
31,3
31,1
20,3
20,2
20,1
19,3
19,2
19,1
18,3
18,1
14,3
14,1
13,3
13,1
12,3
12,2
12,1
11,30
11,28
11,23
11,20
11,19
11,10
11,4
11,3
11,2
11,1
10,291
10,249
10,217
10,131
10,127
10,105
10,29
10,3
10,2
10,1
9,7
9,5
9,3
9,2
9,1
8,15
8,12
8,11
8,9
8,8
8,7
8,4
8,3
